0000001
0000002
0000003
0000004
0000005
0000006
0000007
0000008
0000009
0000010
0000011
0000013
0000014
0000015
0000016
0000018
0000019
0000020
0000021
0000022
0000023
0000024
0000025
0000026
0000027
0000028
0000029
0000030
0000031
0000032
0000033
0000034
0000035
0000036
0000037
0000038
0000040
0000041
0000042
0000043
0000044
0000045
0000046
0000047
0000049
0000050
0000051
0000052
0000053
0000054
0000055
0000057
0000058
0000059
0000060
0000061
0000063
0000065
0000066
0000067
0000068
0000069
0000070
0000072
0000073
0000076
0000077
0000078
0000079
0000080
0000081
0000082
0000083
0000084
0000085
0000086
0000087
0000088
0000089
0000090
0000091
0000092
0000094
0000095
0000096
0000097
0000098
0000099
0000100
0000101
0000102
0000103
0000104
0000105
0000106
0000107
0000108
0000109
0000110
0000111
0000112
0000113
0000114
0000115
0000116
0000117
0000118
0000119
0000120
0000122
0000123
0000124
0000125
0000126
0000127
0000128
0000129
0000130
0000131
0000131
0000132
0000133
0000134
0000135
0000136
0000137
0000138
0000139
0000140
0000141
0000142
0000144
0000145
0000146
0000147
0000148
0000149
0000150
0000151
0000153
0000154
0000155
0000156
0000158
0000159
0000160
0000161
0000162
0000163
0000164
0000166
0000167
0000169
0000170
0000172
0000173
0000174
0000176
0000177
0000178
0000179
0000180
0000181
0000182
0000183
0000184
0000185
0000186
0000187
0000188
0000189
0000190
0000191
0000192
0000193
0000194
0000195
0000196
0000197
0000198
0000199
0000200
